1  2  3  4  5  8  15  17  18  24  25  32  36  74  
1  
3  5  7  15  26  28  36  38  68  
1  4  8  
2  3  5  7  8  9  10  11  13  14  15  16  17  19  28  29  31  42  51  52  58  75  
1  2  3  5  7  8  9  12  14  16  17  18  22  30  32  36  38  39  71  90  166  
1  5  6  7  8  9  11  12  14  15  17  23  27  28  30  48  52  64  
1  5  6  8  11  12  13  14  15  16  17  21  23  27  30  39  41  67  
2  4  5  8  9  10  11  13  17  21  22  23  28  31  40  44  61  80  
1  2  6  10  14  19  23  25  42  51  70  
1  4  5  7  10  12  14  18  19  24  26  38  59  65  
1  2  3  4  5  6  7  10  13  15  17  18  19  22  23  29  41  60  
1  13  16  58  
1  2  3  5  6  8  15  16  21  25  26  34  36  47  57  63  
1  6  7  8  9  10  12  13  14  16  18  19  21  22  24  34  73  
2  6  15  24  41  44  98  
1  4  9  10  11  12  14  16  17  19  21  35  46  50  71  
2  4  7  8  9  10  11  12  16  19  24  25  26  31  32  33  34  35  42  48  96  
4  6  8  38  85  
5  9  16  62  70  
1  2  3  7  8  10  12  13  15  21  30  31  32  40  44  46  52  68  74  86  
9  14  
1  2  3  4  6  8  10  11  15  28  34  73  80  
3  4  5  6  8  10  13  14  15  16  18  20  22  25  28  29  30  
2  3  5  6  7  8  9  10  11  12  14  16  17  20  33  43  64  85  
30  36  
1  2  4  6  7  8  9  11  12  13  14  24  26  28  30  33  34  42  48  51  79  
3  4  5  6  7  8  9  12  13  14  15  20  21  32  34  38  100  187  
2  4  6  7  9  16  37  44  48  58  63  
1  6  8  11  18  24  26  
7  10  17  33  35  63  85  
3  4  6  8  10  11  13  16  19  20  22  23  26  27  28  37  39  48  81  84  
2  5  10  11  13  22  25  29  30  40  45  
5  14  24  
1  3  4  7  8  11  12  14  18  21  22  23  26  27  31  33  51  53  75  94  
1  2  3  5  6  7  9  10  12  13  14  17  19  22  24  27  30  42  43  54  55  57  71  81  102  
1  2  3  5  6  9  14  20  21  22  28  29  31  41  59  71  
1  3  5  10  11  24  37  50  
6  9  22  25  29  54  
3  11  20  22  24  27  34  46  53  55  58  60  70  
2  3  4  5  6  8  11  12  13  14  17  19  21  22  29  30  36  38  41  68  
4  5  7  8  9  10  13  14  18  21  26  27  28  29  31  43  45  50  51  54  57  58  96  
4  5  6  7  9  12  15  19  20  33  39  40  53  57  
1  2  22  32  51  
10  12  
1  2  4  5  7  8  10  12  13  14  15  16  22  24  27  31  32  33  45  55  84  117  
2  3  4  5  6  8  10  11  12  13  14  17  24  26  27  29  31  40  43  44  46  52  74  85  
2  6  9  
4  15  44  45  49  78  
1  4  7  11  26  29  
1  3  9  12  13  14  19  23  24  27  33  43  
1  2  3  5  8  9  10  12  14  17  20  24  27  29  37  39  49  58  71  
1  3  4  5  6  9  10  15  24  27  28  31  33  35  43  48  52  59  65  
1  2  4  7  9  13  21  38  39  52  55  
3  4  6  9  11  17  19  20  22  31  38  42  66  
9  20  45  
1  2  3  6  7  9  10  11  12  14  15  17  19  22  31  
2  3  5  6  7  8  9  10  12  13  17  19  21  28  29  37  40  42  45  48  53  54  57  58  75  81  92  
2  4  5  7  8  9  11  13  14  17  19  24  40  42  55  
32  
2  3  5  6  7  10  11  12  17  21  22  23  24  25  29  31  33  34  37  50  56  
2  5  7  11  14  15  16  17  18  24  27  36  41  42  44  52  76  
2  3  6  8  10  12  13  18  31  42  78  107  108  
3  10  23  24  83  
4  6  7  26  73  
2  4  11  13  14  18  20  24  26  34  36  38  43  51  55  69  72  100  133  
1  4  6  10  29  32  38  48  
2  3  4  6  7  9  10  16  26  33  34  36  39  40  48  66  71  99  
1  2  3  4  5  6  14  15  18  21  23  26  27  31  37  38  50  80  
1  3  27  
1  2  10  12  13  15  17  18  19  23  26  27  38  41  52  68  82  89  
3  5  8  16  18  19  
7  15  41  
1  10  11  25  30  34  40  56  
1  9  25  29  51  110  
4  8  12  13  17  20  30  
4  6  9  10  13  15  17  20  24  26  31  39  46  54  
2  3  4  5  7  10  13  16  31  32  33  34  37  
2  7  9  10  13  15  17  20  23  33  40  43  
1  2  6  10  11  13  14  15  16  17  18  26  32  36  43  45  71  79  
1  3  6  8  9  11  13  14  16  18  20  21  22  25  42  43  51  53  57  
1  3  5  7  9  10  11  12  13  14  15  25  26  28  29  30  37  39  41  103  
1  2  3  4  6  7  9  12  14  15  16  19  20  25  31  42  44  65  91  
2  6  7  11  12  13  15  16  18  19  21  23  24  27  29  30  38  55  58  61  114  117  
10  15  24  41  42  49  
2  9  10  12  18  26  29  31  33  44  45  48  
2  3  5  22  23  
18  19  
1  3  4  5  6  7  10  12  15  18  20  22  28  29  30  31  33  45  48  63  
2  6  9  10  11  12  14  17  23  28  48  49  54  55  59  64  
61  
3  7  10  12  15  17  42  45  
1  3  5  6  7  8  9  10  11  13  14  17  21  24  28  33  35  47  109  
1  2  3  6  9  11  12  14  17  20  35  
4  10  13  22  29  32  34  44  50  
1  3  5  6  7  9  10  11  12  13  14  15  16  17  24  25  34  37  44  49  66  
1  2  5  11  12  33  55  
3  31  36  
1  2  3  6  7  8  9  13  15  17  19  20  21  26  31  35  43  45  49  
1  3  5  6  8  9  16  20  50  53  99  192  
7  10  12  15  16  18  19  28  45  63  73  
1  3  4  5  6  9  10  12  15  18  26  43  56  
1  3  4  5  6  7  10  11  16  17  18  20  21  22  28  33  36  39  47  50  
1  2  3  4  5  7  8  10  11  12  13  14  15  16  17  18  24  26  32  39  49  
5  6  15  19  20  23  26  37  
1  2  8  9  12  29  33  34  
2  5  6  7  8  14  45  74  77  
1  2  9  12  30  36  
6  11  13  24  27  59  
1  3  4  10  14  26  35  47  61  70  92  
1  2  7  8  9  10  11  12  14  16  21  22  23  31  32  36  39  50  116  
2  4  5  6  8  13  14  15  17  19  23  24  29  32  40  62  64  81  
2  5  6  9  11  14  15  17  20  23  49  
2  3  7  8  9  11  14  15  18  24  26  33  35  38  40  56  
5  9  11  12  15  20  22  29  31  55  68  
1  2  9  13  38  60  
33  
1  3  7  11  12  14  17  25  37  38  39  43  51  53  56  
3  6  14  34  54  
1  2  3  4  5  6  8  10  12  14  17  18  19  20  23  29  30  31  36  73  
4  7  8  23  68  
3  4  16  26  
1  2  3  4  6  7  9  13  14  15  17  18  21  23  28  37  41  43  45  57  58  68  
1  2  3  4  5  6  7  8  10  11  13  14  17  20  30  42  55  
6  7  11  16  19  21  
1  2  3  4  5  6  7  9  10  11  12  18  20  24  25  29  30  37  41  46  51  59  
1  2  3  4  5  6  7  8  12  13  15  16  21  24  26  39  80  
1  2  3  4  5  6  7  8  11  12  15  16  18  19  20  25  33  34  51  55  69  78  94  
11  17  22  27  
4  7  9  12  27  28  29  41  43  45  52  59  
9  26  
2  3  5  7  8  10  11  13  16  19  24  29  32  35  41  46  62  122  
1  3  4  5  6  7  8  9  10  12  13  19  20  23  29  36  37  44  
5  6  18  19  31  62  
3  9  18  22  28  36  63  
2  5  11  13  65  75  
2  3  5  9  10  11  18  20  30  31  32  33  35  61  68  69  
1  3  4  6  7  8  9  11  12  17  19  20  21  22  23  25  27  29  31  33  42  137  
3  11  15  17  18  20  24  25  46  53  83  
1  3  7  8  14  38  
3  5  7  13  16  21  22  24  25  26  32  33  48  51  60  73  85  
2  7  9  10  13  15  18  52  
5  14  28  
1  2  3  7  15  16  18  24  34  38  42  58  104  
7  15  16  22  23  27  29  34  39  60  
2  6  8  10  11  14  17  19  22  25  26  27  28  52  58  
22  
4  7  18  38  47  
1  2  3  5  8  9  10  17  21  22  23  24  26  30  41  45  49  53  102  
1  3  22  29  79  
1  2  3  4  5  6  7  8  9  10  15  22  23  24  25  26  31  32  46  47  69  100  
3  5  8  11  13  22  29  44  54  
2  5  6  9  14  15  20  29  32  36  48  
1  2  3  5  6  7  8  12  15  17  18  19  21  24  25  29  33  35  36  38  46  48  51  53  63  
1  2  3  6  8  9  11  12  14  16  17  18  19  24  27  29  30  31  46  51  
1  3  4  5  7  8  10  13  17  20  21  22  25  30  
7  13  14  28  
1  2  3  5  8  9  12  14  18  35  51  
1  3  10  12  13  17  19  26  28  34  38  48  
1  2  5  9  11  13  21  24  25  28  30  46  
4  15  34  94  
2  3  4  8  10  13  14  15  18  19  37  43  51  
2  3  5  7  9  10  13  15  18  42  45  46  48  51  
4  6  7  9  10  11  27  28  30  31  36  37  38  
3  11  12  17  21  27  28  33  46  ºÄÊ±£º61028 ms
for min_sup=700   L:
****************************************
1 
support count: 936
2 
support count: 952
3 
support count: 935
4 
support count: 849
5 
support count: 873
6 
support count: 841
7 
support count: 800
8 
support count: 812
9 
support count: 768
10 
support count: 724
****************************************
